<(lm1 mu1) k1 L1; (lm2 mu2) k2 L2 || (lm3 mu3) k3 L3> rho = 1 ... 2
   8  4             1  1               8  4     
            1 0              1 2                1 2  -0.42167451   0.14896514
            1 0              1 2                2 2  -0.14896514  -0.42167451
            1 2              1 2                1 0  -0.94289286   0.33309617
            2 2              1 2                1 0  -0.33309617  -0.94289286
            1 2              1 2                1 2   0.49834349  -0.20627671
            2 2              1 2                1 2  -0.20423437  -0.49256225
            1 2              1 2                2 2  -0.20423437  -0.49256225
            2 2              1 2                2 2  -0.49834349   0.18786943
            1 2              1 2                1 3   0.19906304   0.56348626
            2 2              1 2                1 3  -0.56348626   0.19906304
            1 2              1 2                1 4  -0.48880594   0.14940497
            2 2              1 2                1 4  -0.04718052  -0.06766712
            1 2              1 2                2 4  -0.09479368  -0.32128258
            2 2              1 2                2 4  -0.30891879   0.12979177
            1 2              1 2                3 4  -0.00000000   0.00000000
            2 2              1 2                3 4  -0.14345018  -0.40606337
            1 3              1 2                1 2  -0.23553456  -0.66672593
            1 3              1 2                2 2   0.66672593  -0.23553456
            1 3              1 2                1 3   0.00000000  -0.04445780
            1 3              1 2                1 4  -0.15389818  -0.28519797
            1 3              1 2                2 4  -0.46728990   0.18331395
            1 3              1 2                3 4   0.12313693   0.29697550
            1 3              1 2                1 5  -0.38497803   0.13907343
            1 3              1 2                2 5  -0.10836410  -0.33701099
            1 4              1 2                1 2  -0.65580199   0.20044780
            2 4              1 2                1 2  -0.12717907  -0.43104582
            3 4              1 2                1 2  -0.00000000   0.00000000
            1 4              1 2                2 2  -0.06329930  -0.09078497
            2 4              1 2                2 2  -0.41445805   0.17413394
            3 4              1 2                2 2  -0.19245862  -0.54479118
            1 4              1 2                1 3   0.17450414   0.32338410
            2 4              1 2                1 3   0.52985694  -0.20785848
            3 4              1 2                1 3  -0.13962416  -0.33673857
            1 4              1 2                1 4   0.45009000  -0.25712011
            2 4              1 2                1 4  -0.22549695  -0.54384229
            3 4              1 2                1 4   0.00000000  -0.00000000
            1 4              1 2                2 4  -0.22549695  -0.54384229
            2 4              1 2                2 4   0.22053724  -0.05742792
            3 4              1 2                2 4  -0.08840472  -0.16382809
            1 4              1 2                3 4   0.00000000   0.00000000
            2 4              1 2                3 4  -0.08840472  -0.16382809
            3 4              1 2                3 4  -0.67062724   0.21099919
            1 4              1 2                1 5   0.17007363   0.52892687
            2 4              1 2                1 5  -0.41023642   0.08365514
            3 4              1 2                1 5  -0.04558319  -0.05264505
            1 4              1 2                2 5   0.00000000   0.00000000
            2 4              1 2                2 5   0.13138204   0.33520782
            3 4              1 2                2 5  -0.52868778   0.21607369
            1 4              1 2                1 6  -0.48401524   0.10218441
            2 4              1 2                1 6  -0.09386463  -0.08219046
            3 4              1 2                1 6   0.00000000  -0.00000000
            1 4              1 2                2 6  -0.06776464  -0.26752617
            2 4              1 2                2 6  -0.38872955   0.16879522
            3 4              1 2                2 6  -0.01760051  -0.00558002
            1 4              1 2                3 6   0.00000000   0.00000000
            2 4              1 2                3 6  -0.08640596  -0.29285422
            3 4              1 2                3 6  -0.20506353   0.12836629
            1 5              1 2                1 3  -0.48259550   0.17433776
            2 5              1 2                1 3  -0.13584158  -0.42246564
            1 5              1 2                1 4  -0.18802347  -0.58475066
            2 5              1 2                1 4   0.00000000  -0.00000000
            1 5              1 2                2 4   0.45353343  -0.09248423
            2 5              1 2                2 4  -0.14524831  -0.37058619
            1 5              1 2                3 4   0.05039411   0.05820129
            2 5              1 2                3 4   0.58448633  -0.23887845
            1 5              1 2                1 5   0.27686692  -0.18617636
            2 5              1 2                1 5  -0.11538424  -0.21382548
            1 5              1 2                2 5  -0.11538424  -0.21382548
            2 5              1 2                2 5  -0.27686692   0.00133587
            1 5              1 2                1 6  -0.20125552  -0.31674904
            2 5              1 2                1 6  -0.00000000   0.00000000
            1 5              1 2                2 6  -0.30201215   0.13972824
            2 5              1 2                2 6  -0.07435930  -0.07549514
            1 5              1 2                3 6   0.12665505   0.34083444
            2 5              1 2                3 6  -0.54133734   0.17661203
            1 5              1 2                1 7  -0.41006610   0.12101701
            2 5              1 2                1 7  -0.03136001  -0.00118361
            1 5              1 2                2 7  -0.06944684  -0.25477113
            2 5              1 2                2 7  -0.26434206   0.17213561
            1 6              1 2                1 4  -0.58171392   0.12281038
            2 6              1 2                1 4  -0.08144296  -0.32152644
            3 6              1 2                1 4   0.00000000   0.00000000
            1 6              1 2                2 4  -0.11281124  -0.09878063
            2 6              1 2                2 4  -0.46719478   0.20286661
            3 6              1 2                2 4  -0.10384704  -0.35196697
            1 6              1 2                3 4  -0.00000000   0.00000000
            2 6              1 2                3 4  -0.02115318  -0.00670635
            3 6              1 2                3 4  -0.24645569   0.15427708
            1 6              1 2                1 5   0.21878782   0.34434251
            2 6              1 2                1 5   0.32832182  -0.15190061
            3 6              1 2                1 5  -0.13768855  -0.37052610
            1 6              1 2                2 5   0.00000000   0.00000000
            2 6              1 2                2 5   0.08083708   0.08207187
            3 6              1 2                2 5   0.58849574  -0.19199751
            1 6              1 2                1 6   0.40022256  -0.36389385
            2 6              1 2                1 6  -0.22225216  -0.53601667
            3 6              1 2                1 6  -0.00000000  -0.00000000
            1 6              1 2                2 6  -0.22225216  -0.53601667
            2 6              1 2                2 6   0.39694382  -0.04269508
            3 6              1 2                2 6  -0.13554234  -0.25118166
            1 6              1 2                3 6   0.00000000   0.00000000
            2 6              1 2                3 6  -0.13554234  -0.25118166
            3 6              1 2                3 6  -0.04771356  -0.10538145
            1 6              1 2                1 7   0.14565325   0.49366002
            2 6              1 2                1 7  -0.31260777  -0.02376371
            3 6              1 2                1 7  -0.09479431  -0.08300451
            1 6              1 2                2 7   0.00000000   0.00000000
            2 6              1 2                2 7   0.12324558   0.34887034
            3 6              1 2                2 7  -0.50339962   0.10969501
            1 6              1 2                1 8  -0.45186069   0.02643187
            2 6              1 2                1 8  -0.13566651  -0.04301138
            3 6              1 2                1 8  -0.00000000  -0.00000000
            1 6              1 2                2 8  -0.04391686  -0.19790967
            2 6              1 2                2 8  -0.33912659   0.14098318
            3 6              1 2                2 8  -0.05548090   0.01340155
            1 6              1 2                3 8   0.00000000  -0.00000000
            2 6              1 2                3 8  -0.05754531  -0.22718156
            3 6              1 2                3 8  -0.27807471   0.19200306
            1 7              1 2                1 5  -0.47885404   0.14131742
            2 7              1 2                1 5  -0.08109644  -0.29750859
            1 7              1 2                2 5  -0.03662060  -0.00138216
            2 7              1 2                2 5  -0.30868502   0.20101109
            1 7              1 2                1 6  -0.15645669  -0.53027592
            2 7              1 2                1 6  -0.00000000  -0.00000000
            1 7              1 2                2 6   0.33579462   0.02552632
            2 7              1 2                2 6  -0.13238699  -0.37474686
            1 7              1 2                3 6   0.10182542   0.08916114
            2 7              1 2                3 6   0.54073793  -0.11783134
            1 7              1 2                1 7   0.34092721  -0.26508221
            2 7              1 2                1 7  -0.14072577  -0.26078738
            1 7              1 2                2 7  -0.14072577  -0.26078738
            2 7              1 2                2 7   0.10092819  -0.16007471
            1 7              1 2                1 8  -0.23977035  -0.31039952
            2 7              1 2                1 8   0.00000000  -0.00000000
            1 7              1 2                2 8  -0.16641674   0.14949699
            2 7              1 2                2 8  -0.13604686  -0.10012778
            1 7              1 2                3 8   0.10853402   0.32238294
            2 7              1 2                3 8  -0.44939168   0.04029775
            1 7              1 2                1 9  -0.36726758   0.06041755
            2 7              1 2                1 9  -0.06760939   0.03521418
            1 7              1 2                2 9  -0.04326977  -0.18290856
            2 7              1 2                2 9  -0.26249699   0.19243960
            1 8              1 2                1 6  -0.51672247   0.03022600
            2 8              1 2                1 6  -0.05022085  -0.22631837
            3 8              1 2                1 6   0.00000000  -0.00000000
            1 8              1 2                2 6  -0.15514059  -0.04918540
            2 8              1 2                2 6  -0.38780610   0.16122044
            3 8              1 2                2 6  -0.06580558  -0.25979206
            1 8              1 2                3 6   0.00000000   0.00000000
            2 8              1 2                3 6  -0.06344484   0.01532526
            3 8              1 2                3 6  -0.31799060   0.21956390
            1 8              1 2                1 7   0.25525503   0.33044553
            2 8              1 2                1 7   0.17716415  -0.15915170
            3 8              1 2                1 7  -0.11554328  -0.34320284
            1 8              1 2                2 7  -0.00000000  -0.00000000
            2 8              1 2                2 7   0.14483294   0.10659416
            3 8              1 2                2 7   0.47841398  -0.04290023
            1 8              1 2                1 8   0.32500208  -0.54030070
            2 8              1 2                1 8  -0.19261143  -0.46453064
            3 8              1 2                1 8  -0.00000000  -0.00000000
            1 8              1 2                2 8  -0.19261143  -0.46453064
            2 8              1 2                2 8   0.48536905   0.03614857
            3 8              1 2                2 8  -0.16923985  -0.31362854
            1 8              1 2                3 8   0.00000000   0.00000000
            2 8              1 2                3 8  -0.16923985  -0.31362854
            3 8              1 2                3 8   0.21907329  -0.16040508
            1 8              1 2                1 9   0.11762666   0.43152254
            2 8              1 2                1 9  -0.26674975  -0.12443029
            3 8              1 2                1 9  -0.13856353  -0.08262995
            1 8              1 2                2 9  -0.00000000  -0.00000000
            2 8              1 2                2 9   0.11116015   0.34570669
            3 8              1 2                2 9  -0.40169184  -0.04921872
            1 8              1 2                1 10  -0.38308328  -0.07304040
            2 8              1 2                1 10  -0.21501674   0.01311114
            3 8              1 2                1 10  -0.07063604   0.05651889
            1 8              1 2                2 10   0.11233959  -0.04954725
            2 8              1 2                2 10  -0.11781542  -0.08875188
            3 8              1 2                2 10  -0.21323702   0.17061999
            1 9              1 2                1 7  -0.41334603   0.06799771
            2 9              1 2                1 7  -0.04869852  -0.20585680
            1 9              1 2                2 7  -0.07609186   0.03963225
            2 9              1 2                2 7  -0.29543062   0.21658362
            1 9              1 2                1 8  -0.12435353  -0.45620057
            2 9              1 2                1 8   0.00000000   0.00000000
            1 9              1 2                2 8   0.28200470   0.13154624
            2 9              1 2                2 8  -0.11751721  -0.36547706
            1 9              1 2                3 8   0.14648774   0.08735541
            2 9              1 2                3 8   0.42466390   0.05203345
            1 9              1 2                1 9   0.33227640  -0.36653831
            2 9              1 2                1 9  -0.14546507  -0.26957007
            1 9              1 2                2 9  -0.14546507  -0.26957007
            2 9              1 2                2 9   0.30056207  -0.16249253
            1 9              1 2                1 10  -0.24620899  -0.15882579
            2 9              1 2                1 10  -0.12195041  -0.05569293
            1 9              1 2                2 10   0.10956150   0.38638198
            2 9              1 2                2 10  -0.36814553  -0.16812657
            1 9              1 2                1 11  -0.27028893  -0.03923615
            2 9              1 2                1 11  -0.13387750   0.14451239
            1 10              1 2                1 8  -0.42577327  -0.08117987
            2 10              1 2                1 8   0.12485847  -0.05506869
            1 10              1 2                2 8  -0.23897775   0.01457222
            2 10              1 2                2 8  -0.13094452  -0.09864220
            1 10              1 2                3 8  -0.07850757   0.06281723
            2 10              1 2                3 8  -0.23699969   0.18963351
            1 10              1 2                1 9   0.25884319   0.16697593
            2 10              1 2                1 9  -0.11518364  -0.40620916
            1 10              1 2                2 9   0.12820829   0.05855081
            2 10              1 2                2 9   0.38703691   0.17675398
            1 10              1 2                1 10   0.18041376  -0.85629433
            2 10              1 2                1 10  -0.05541640  -0.04213123
            1 10              1 2                2 10  -0.05541640  -0.04213123
            2 10              1 2                2 10   0.30697491  -0.30509719
            1 10              1 2                1 11  -0.03160590   0.23052554
            2 10              1 2                1 11  -0.33885399  -0.26516316
            1 10              1 2                1 12  -0.33347574  -0.03432740
            2 10              1 2                1 12   0.00000000   0.09975956
            1 11              1 2                1 9  -0.29738248  -0.04316915
            1 11              1 2                2 9  -0.14729728   0.15899820
            1 11              1 2                1 10   0.03307672  -0.24125333
            1 11              1 2                2 10   0.35462298   0.27750285
            1 11              1 2                1 11   0.23418754  -0.59290933
            1 11              1 2                1 12  -0.25274901  -0.18601824
            1 12              1 2                1 10  -0.36385186  -0.03745427
            1 12              1 2                2 10  -0.00000000   0.10884660
            1 12              1 2                1 11   0.26350906   0.19393742
            1 12              1 2                1 12   0.18539506  -0.87326124
